fx = 56, 84, 662, 622, , 44, 44, 760, 519, C
